3162.1
4514.1
3421.1
5033.1
4907.1
5106.1
212.1
9446.1
51478.1
875.1
7086.1
6472.1
3036.1
3990.1
2731.1
3615.1
130.1
9957.1
39.1
9488.1
7841.1
112.1
7054.1
3037.1
3293.1
1371.1
4126.1
8867.1
7357.1
1585.1
5959.1
8693.1
1606.1
2519.1
23439.1
4694.1
3614.1
4712.1
100.1
223.1
3423.1
1553.1
1892.1
2984.1
4047.1
2977.1
5049.1
10007.1
4513.1
5305.1
4759.1
3242.1
4702.1
6303.1
6489.1
3420.1
501.1
622.1
8942.1
3038.1
4051.1
9162.1
2730.1
15.1
7381.1
6392.1
5139.1
4728.1
4538.1
113.1
6716.1
4967.1
6185.1
4860.1
29922.1
211.1
30833.1
5105.1
4129.1
9956.1
4353.1
56052.1
23498.1
7358.1
5048.1
1632.1
2990.1
5167.1
4023.1
4144.1
2937.1
9334.1
51733.1
3251.1
4669.1
4713.1
4537.1
7296.1
5831.1
3631.1
1584.1
3613.1
3795.1
2135.1
10380.1
224.1
3422.1
7083.1
1160.1
4048.1
2762.1
1119.1
5730.1
5149.1
8821.1
3283.1
3141.1
8789.1
1503.1
95.1
23632.1
4758.1
1716.1
7167.1
1431.1
518.1
4539.1
2271.1
1594.1
4697.1
760.1
4128.1
6184.1
9377.1
410.1
1373.1
1565.1
2651.1
18.1
2131.1
5464.1
10157.1
6999.1
3292.1
2572.1
8833.1
4729.1
5742.1
2597.1
4837.1
5168.1
7359.1
5836.1
5352.1
2986.1
2517.1
4200.1
1551.1
64080.1
51268.1
1583.1
5214.1
4710.1
8659.1
221.1
55577.1
6818.1
1572.1
8564.1
1555.1
10682.1
3632.1
65220.1
9061.1
3425.1
5145.1
1158.1
10606.1
7084.1
318.1
54677.1
2950.1
10026.1
7166.1
159.1
4121.1
4594.1
8513.1
5034.1
6487.1
1717.1
6241.1
2683.1
517.1
26289.1
1621.1
29880.1
4696.1
8802.1
481.1
2132.1
4842.1
11181.1
4700.1
5837.1
111.1
5743.1
2571.1
570.1
3294.1
4726.1
2940.1
7915.1
1595.1
3945.1
8694.1
5634.1
54363.1
272.1
55811.1
4548.1
4351.1
9653.1
5144.1
3295.1
5169.1
26279.1
222.1
2983.1
2876.1
4711.1
1159.1
3633.1
2137.1
10858.1
1571.1
11226.1
384.1
27165.1
8704.1
9167.1
5321.1
1312.1
5335.1
239.1
1337.1
2710.1
6240.1
158.1
9583.1
51292.1
8566.1
1375.1
533.1
10632.1
3074.1
56913.1
8382.1
10455.1
8803.1
2235.1
1841.1
2618.1
9517.1
216.1
2632.1
29925.1
29968.1
1635.1
1040.1
51477.1
669.1
6888.1
1650.1
271.1
3290.1
4716.1
5224.1
1347.1
11238.1
9945.1
2589.1
762.1
4698.1
4831.1
8613.1
23761.1
847.1
2952.1
3098.1
2583.1
4143.1
1589.1
3067.1
10588.1
5320.1
26290.1
116285.1
8703.1
483.1
593.1
1374.1
3101.1
9348.1
1152.1
48.1
27115.1
3073.1
8972.1
3291.1
10195.1
2939.1
4668.1
1609.1
5207.1
411.1
6652.1
29926.1
8394.1
7385.1
10312.1
496.1
56895.1
270.1
2938.1
4717.1
249.1
2026.1
3099.1
1588.1
6783.1
26301.1
4123.1
587.1
8813.1
189.1
2194.1
4540.1
2946.1
2953.1
1346.1
205.1
47.1
7498.1
1384.1
11253.1
6822.1
7363.1
2356.1
23483.1
8654.1
114.1
6799.1
635.1
8424.1
9955.1
435.1
7372.1
314.1
1633.1
55276.1
5138.1
210.1
4701.1
2941.1
7384.1
4714.1
5289.1
5291.1
645.1
5498.1
5095.1
43.1
2820.1
2720.1
5210.1
248.1
2023.1
7298.1
3628.1
2729.1
2936.1
93034.1
953.1
30.1
9296.1
4833.1
250.1
4122.1
6898.1
586.1
509.1
2954.1
56894.1
22928.1
2982.1
53630.1
4245.1
4704.1
5198.1
8050.1
1644.1
115.1
8705.1
1120.1
6821.1
2974.1
1562.1
5322.1
5236.1
4125.1
11185.1
7371.1
2687.1
4519.1
7360.1
64132.1
8876.1
31.1
383.1
2944.1
6120.1
9563.1
7173.1
2821.1
10840.1
8525.1
5240.1
10331.1
217.1
6483.1
2655.1
7299.1
5290.1
5148.1
126.1
4715.1
763.1
56922.1
1610.1
6482.1
5223.1
8612.1
1376.1
2678.1
445.1
4199.1
56474.1
2224.1
2643.1
8879.1
226.1
6476.1
6817.1
22929.1
427.1
2645.1
5331.1
4597.1
3418.1
5740.1
32.1
4124.1
23236.1
5631.1
3706.1
2184.1
26227.1
5315.1
5152.1
10678.1
2819.1
5019.1
7386.1
2717.1
9953.1
1807.1
275.1
5406.1
476.1
125.1
27232.1
4190.1
4723.1
766.1
6697.1
2998.1
11285.1
8528.1
5143.1
2806.1
3707.1
8509.1
5287.1
2679.1
1329.1
55907.1
10020.1
2947.1
276.1
5373.1
4259.1
51703.1
108.1
2879.1
3636.1
5293.1
53947.1
5330.1
10558.1
5230.1
1339.1
2739.1
2548.1
4357.1
33.1
8398.1
2523.1
3419.1
4830.1
219.1
7389.1
5351.1
5153.1
5860.1
5338.1
5096.1
178.1
10841.1
2590.1
3029.1
10400.1
2530.1
644.1
1103.1
4508.1
686.1
1719.1
523.1
6480.1
5407.1
4707.1
443.1
8527.1
5286.1
8733.1
3158.1
10975.1
109.1
5142.1
2584.1
5372.1
128.1
2203.1
1629.1
1577.1
1786.1
1582.1
10993.1
10317.1
4258.1
539.1
10476.1
132.1
4705.1
5333.1
6391.1
3030.1
23556.1
768.1
6723.1
8985.1
53.1
2182.1
6484.1
506.1
7367.1
7388.1
4952.1
5471.1
1608.1
51606.1
3704.1
26229.1
9394.1
2591.1
482.1
280.1
5091.1
4248.1
1738.1
23464.1
127.1
5209.1
51251.1
1327.1
27306.1
5053.1
522.1
5137.1
4718.1
471.1
10555.1
25796.1
84129.1
978.1
6611.1
4541.1
4706.1
5160.1
229.1
204.1
2585.1
1345.1
51004.1
8639.1
52.1
10654.1
1581.1
9380.1
26237.1
4942.1
8396.1
1576.1
5332.1
4708.1
50614.1
4953.1
9551.1
34.1
2525.1
4509.1
6390.1
2592.1
7364.1
262.1
1806.1
8526.1
5294.1
528.1
3157.1
2948.1
1737.1
1798.1
8875.1
5723.1
4257.1
2997.1
6675.1
1548.1
5136.1
23545.1
5208.1
2588.1
4719.1
521.1
2799.1
107.1
2805.1
6713.1
4832.1
2582.1
5161.1
203.1
10423.1
8790.1
23478.1
10327.1
242.1
8443.1
1558.1
2593.1
55350.1
50617.1
2629.1
30814.1
9420.1
498.1
10846.1
4843.1
35.1
64579.1
51.1
3906.1
22978.1
316.1
1579.1
97.1
2180.1
4247.1
9550.1
8854.1
5319.1
4329.1
23533.1
3156.1
5297.1
5051.1
529.1
5834.1
50808.1
412.1
1543.1
5973.1
2752.1
231.1
2538.1
7378.1
4522.1
516.1
2875.1
594.1
1743.1
3032.1
23475.1
4882.1
1557.1
771.1
5162.1
6916.1
5147.1
3033.1
220.1
9060.1
5226.1
5009.1
51809.1
3712.1
51382.1
36.1
5130.1
11164.1
1854.1
8836.1
761.1
2134.1
9514.1
50.1
2746.1
527.1
175.1
9791.1
7390.1
2181.1
1491.1
6389.1
1593.1
6309.1
251.1
1962.1
3081.1
5050.1
279.1
1350.1
4724.1
5146.1
8540.1
3155.1
23417.1
27087.1
3176.1
10554.1
4731.1
440.1
438.1
2539.1
5313.1
26.1
2222.1
3948.1
84701.1
515.1
6470.1
5213.1
124.1
8992.1
2949.1
2878.1
4881.1
4056.1
240.1
3000.1
3034.1
8399.1
4512.1
3340.1
514.1
8529.1
9615.1
5140.1
1891.1
2766.1
1036.1
2595.1
1340.1
218.1
4709.1
5337.1
3938.1
6715.1
4720.1
51727.1
526.1
5277.1
55500.1
26330.1
5158.1
2027.1
3145.1
23530.1
4535.1
3028.1
4725.1
5408.1
1351.1
5238.1
2744.1
873.1
1178.1
4846.1
535.1
51179.1
353.1
278.1
191.1
1545.1
11283.1
5832.1
2877.1
3612.1
1559.1
3163.1
5281.1
3284.1
5141.1
10873.1
13.1
4598.1
513.1
246.1
2628.1
1890.1
8277.1
9487.1
9453.1
1591.1
3939.1
2650.1
10797.1
131.1
6718.1
1537.1
3620.1
2673.1
3417.1
55967.1
4536.1
5336.1
1723.1
38.1
98.1
1586.1
1349.1
230.1
6646.1
4722.1
5409.1
277.1
5211.1
5833.1
8288.1
27089.1
7941.1
10090.1
759.1
10768.1
4695.1
5288.1
29958.1
2639.1
1544.1
4191.1
2987.1
247.1
525.1
55512.1
28.1
790.1
5805.1
952.1
8604.1
8402.1
6576.1
83884.1
9016.1
1468.1
57678.1
5250.1
6648.1
7350.1
7351.1
89874.1
7352.1
291.1
10166.1
292.1
293.1
83733.1
56953.1
79751.1
60386.1
8034.1
51079.1
10587.1
10935.1
64087.1
2653.1
9481.1
27034.1
64902.1
788.1
51805.1
23600.1
2747.1
2110.1
6342.1
10165.1
10229.1
79814.1
11112.1
5232.1
92579.1
85365.1
8818.1
54344.1
79087.1
29929.1
79053.1
84920.1
8801.1
22934.1
84076.1
126328.1
29796.1
10905.1
57134.1
11320.1
11282.1
4249.1
1603.1
64772.1
5476.1
129807.1
55568.1
63917.1
79695.1
114805.1
79623.1
11227.1
117248.1
55808.1
192134.1
9245.1
51301.1
51146.1
57171.1
80201.1
113452.1
348477.1
1645.1
55217.1
145226.1
6511.1
84889.1
65985.1
29906.1
6550.1
157506.1
6005.1
56548.1
3931.1
11309.1
284273.1
6515.1
114134.1
2348.1
93183.1
54575.1
6785.1
66002.1
4905.1
142680.1
6529.1
126129.1
490.1
11254.1
57419.1
54675.1
6542.1
257202.1
79723.1
84912.1
245972.1
22856.1
160851.1
51302.1
2544.1
374291.1
27010.1
2531.1
222537.1
122481.1
6568.1
171425.1
80142.1
127124.1
50515.1
26062.1
9154.1
79896.1
11041.1
6546.1
140838.1
10050.1
56848.1
246213.1
2745.1
6533.1
91734.1
5295.1
6507.1
80271.1
80724.1
84264.1
65263.1
123041.1
6572.1
5728.1
6537.1
5283.1
5092.1
124935.1
55501.1
6559.1
6520.1
6563.1
28976.1
883.1
10919.1
221823.1
89869.1
6524.1
9869.1
11001.1
23657.1
6839.1
4845.1
53919.1
6555.1
80168.1
155184.1
9197.1
9056.1
26873.1
28234.1
50700.1
57665.1
57282.1
374907.1
119391.1
8869.1
55229.1
23539.1
140679.1
6528.1
57127.1
122622.1
160287.1
284111.1
29920.1
80146.1
51540.1
257068.1
54981.1
130752.1
112611.1
81537.1
5334.1
8706.1
23443.1
534.1
19.1
92483.1
8503.1
55315.1
9152.1
90161.1
27124.1
55301.1
491.1
91703.1
6506.1
284129.1
10861.1
26002.1
5264.1
2108.1
6558.1
53354.1
79901.1
6541.1
80270.1
58510.1
477.1
121278.1
51557.1
956.1
8781.1
10164.1
57733.1
6549.1
83852.1
25769.1
6647.1
9114.1
50940.1
166012.1
9227.1
132789.1
94005.1
11212.1
1836.1
495.1
5052.1
9153.1
84720.1
6523.1
10723.1
66035.1
56606.1
11343.1
6820.1
51380.1
6554.1
6532.1
6514.1
8622.1
5296.1
6505.1
6571.1
23743.1
11000.1
366.1
3635.1
2581.1
30815.1
10610.1
6519.1
2992.1
9057.1
7923.1
137872.1
57084.1
6579.1
6535.1
9435.1
6448.1
7001.1
90423.1
349565.1
11182.1
84706.1
197257.1
6575.1
56623.1
128869.1
7295.1
10948.1
1638.1
5244.1
60482.1
144195.1
1718.1
53905.1
10246.1
6580.1
124583.1
284208.1
162466.1
266722.1
2351.1
92745.1
91373.1
10201.1
9187.1
492.1
8611.1
8310.1
55224.1
28231.1
10402.1
2109.1
64078.1
80704.1
10999.1
80150.1
6518.1
478.1
9194.1
6509.1
1808.1
57379.1
9952.1
159963.1
56994.1
84002.1
6540.1
6574.1
7263.1
1607.1
10087.1
9807.1
54490.1
2712.1
6522.1
955.1
7306.1
6548.1
6557.1
6561.1
6513.1
51227.1
6531.1
51604.1
117283.1
151531.1
10786.1
6583.1
51447.1
6526.1
55349.1
11136.1
3992.1
7355.1
4524.1
341947.1
55586.1
8871.1
1109.1
3658.1
6565.1
9498.1
549.1
6512.1
377677.1
9468.1
8170.1
54576.1
6538.1
376497.1
6539.1
245973.1
6543.1
50487.1
57468.1
112724.1
2098.1
64711.1
84532.1
115286.1
126792.1
81579.1
79178.1
83697.1
28232.1
196883.1
93010.1
8647.1
54407.1
6570.1
2352.1
64131.1
64600.1
8574.1
51022.1
81031.1
51181.1
55821.1
9023.1
79646.1
23315.1
9954.1
1757.1
79837.1
26275.1
9123.1
6517.1
6530.1
6547.1
53343.1
5151.1
79369.1
10599.1
26266.1
166785.1
54187.1
493.1
954.1
55089.1
135152.1
6582.1
81539.1
9951.1
117247.1
23169.1
6534.1
8908.1
6573.1
2713.1
9942.1
200010.1
84679.1
55326.1
125206.1
130013.1
389015.1
58508.1
4507.1
64850.1
84693.1
115019.1
81490.1
4844.1
6649.1
11046.1
23396.1
6508.1
347734.1
112483.1
256435.1
116255.1
6521.1
6560.1
9415.1
64841.1
55902.1
5152.1
10861.3
2944.2
6487.1
6487.2
84720.2
10423.2
5152.1
127124.2
51703.3
518.3
6487.1
5152.1
6487.9
8706.4
5092.2
53354.2
51703.2
498.3
84264.2
29922.2
178.6
518.2
10195.4
5152.1
517.2
6487.4
498.2
5152.1
53354.3
5244.3
171425.2
10195.3
178.5
55350.2
10476.2
5152.1
6487.3
6487.6
178.4
8706.2
55568.2
4843.2
10195.2
5295.2
5152.1
11343.2
9016.2
79053.2
10919.2
376497.2
2182.2
178.3
5152.1
5244.2
5295.3
6487.5
5152.1
6487.8
178.2
1607.2
516.2
1588.2
85365.2
55512.2
5152.1
1798.2
8706.3
6487.7
9807.2
4056.2
10861.2
2181.2
2618.2
131669.1
84735.1
55191.1
80347.1
60490.1
79717.1
80025.1
8884.1
10560.1
286016.1
55293.1
51166.1
55312.1
80308.1
509.2
27349.1
23057.1
64802.1
125965.1
170712.1
134526.1
124637.1
162417.1
7264.1
197258.1
7991.1
8309.1
113451.1
1809.1
7108.1
6307.1
8760.1
9489.1
27430.1
23382.1
5150.1
80162.1
9536.1
2542.1
57818.1
83549.1
5625.1
8974.1
1789.1
1788.1
1787.1
6319.1
64064.1
54511.1
957.1
27235.1
25902.1
286297.1
80068.1
285216.1
10390.1
51005.1
27159.1
54682.1
1118.1
200576.1
5298.1
55361.1
55268.1
8395.1
290.1
10870.1
29124.1
8560.1
55163.1
57026.1
253430.1
51109.1
195814.1
84812.1
23007.1
51196.1
113026.1
84444.1
80854.1
9651.1
27068.1
79813.1
387893.1
5279.1
9091.1
8824.1
259230.1
64781.1
284098.1
81849.1
54965.1
55650.1
54872.1
343.1
80055.1
80235.1
22305.1
60559.1
28972.1
9789.1
90701.1
50814.1
114112.1
8534.1
9469.1
23563.1
4166.1
6566.1
373156.1
55454.1
55790.1
113189.1
54480.1
79586.1
337876.1
64816.1
26035.1
10991.1
206358.1
23428.1
56301.1
6510.1
8140.1
84649.1
57030.1
29988.1
154091.1
118881.1
8501.1
6536.1
8671.1
57835.1
9497.1
480.1
160728.1
115584.1
9963.1
9962.1
10559.1
2030.1
55343.1
9058.1
64849.1
6581.1
6584.1
6578.1
6569.1
10568.1
1811.1
5172.1
65010.1
115111.1
116369.1
6567.1
3177.1
10998.1
10257.1
10057.1
8714.1
6553.1
137964.1
9990.1
50506.1
26503.1
10005.1
10965.1
113235.1
10690.1
9388.1
10396.1
57194.1
8228.1
8608.1
8897.1
4363.1
522.5