11254
57419
54675
6542
257202
79723
84912
245972
22856
160851
51302
2544
374291
27010
2531
222537
122481
6568
171425
80142
127124
50515
26062
9154
79896
11041
6546
140838
10050
56848
246213
2745
6533
91734
5295
6507
80271
80724
84264
65263
123041
6572
5728
6537
5283
5092
124935
55501
6559
6520
6563
28976
883
10919
221823
89869
6524
9869
11001
23657
6839
4845
53919
6555
80168
155184
9197
9056
26873
28234
50700
57665
57282
374907
7
119391
8869
55229
23539
140679
6528
57127
122622
160287
284111
29920
80146
51540
257068
54981
130752
112611
81537
5334
8706
23443
534
19
92483
8503
55315
9152
90161
27124
55301
491
91703
6506
284129
10861
26002
5264
2108
6558
53354
79901
6541
80270
58510
477
121278
51557
956
8781
10164
57733
6549
83852
25769
6647
9114
50940
166012
9227
132789
94005
11212
1836
495
5052
9153
84720
6523
10723
66035
56606
11343
6820
51380
6554
6532
6514
8622
5296
6505
6571
23743
11000
366
3635
2581
30815
10610
6519
2992
9057
7923
137872
57084
6579
6535
9435
6448
7001
90423
349565
11182
84706
197257
6575
56623
128869
7295
10948
1638
5244
60482
144195
1718
53905
10246
6580
124583
284208
1
162466
266722
2351
92745
91373
10201
9187
492
8611
8310
55224
28231
10402
2109
64078
80704
10999
80150
6518
478
9194
6509
1808
57379
9952
159963
56994
84002
6540
6574
7263
1607
10087
9807
54490
2712
6522
955
7306
6548
6557
6561
6513
51227
6531
51604
117283
151531
10786
6583
4
51447
6526
55349
11136
3992
7355
4524
341947
55586
8871
1109
3658
6565
9498
549
6512
377677
9468
8170
54576
6538
376497
6539
245973
6543
50487
57468
112724
2098
64711
84532
115286
126792
81579
79178
83697
28232
196883
93010
8647
54407
6570
2352
64131
64600
8574
51022
81031
51181
55821
9023
79646
23315
8
9954
1757
79837
26275
9123
6517
6530
6547
53343
5151
79369
10599
26266
166785
54187
493
954
55089
135152
6582
81539
9951
117247
23169
6534
8908
6573
2713
9942
200010
84679
55326
125206
130013
389015
4
58508
4507
64850
84693
115019
81490
4844
6649
11046
23396
6508
347734
112483
256435
116255
6521
6560
9415
64841
55902
2530
440
5332
5831
5152
6547
1716
3098
11282
5152
7296
10861
2944
115019
2592
7173
10317
374907
7
204
122622
6487
622
6487
9551
7001
4952
84720
80142
10423
5224
3948
6547
5211
5250
226
5152
2027
8659
53343
58508
127124
669
1716
2629
47
51703
3098
1491
5313
5152
132
93034
7173
4882
8398
7054
2592
518
8525
56606
8527
6487
5277
6480
204
51227
5151
3614
7001
276
5152
5052
6487
80142
2678
9551
53343
8706
515
226
5140
1716
43
8818
2530
5092
5315
53354
3420
1558
51703
4731
284273
498
51
84264
29922
3704
7173
178
518
51004
7054
51227
52
10195
5152
6120
528
517
5152
10768
90161
6547
51447
6487
515
3098
3157
2948
55821
2530
5052
498
5315
2629
5152
4257
2348
53354
2582
5244
5152
6547
10317
171425
622
5152
51179
10195
10400
178
55350