3162
4514
3421
5033
4907
5106
212
9446
51478
875
7086
6472
3036
3990
2731
3615
130
9957
39
9488
7841
112
7054
3037
3293
1371
4126
8867
7357
1585
5959
8693
1606
2519
23439
4694
7
3614
4712
100
223
3423
1553
1892
2984
4047
2977
5049
10007
4513
5305
4759
3242
4702
6303
6489
3420
501
622
8942
3038
4051
9162
2730
15
7381
6392
5139
4728
4538
113
6716
4967
6185
4860
29922
211
30833
5105
4129
9956
4353
56052
23498
7358
5048
1632
2990
5167
4023
4144
2937
9334
51733
3251
4669
4713
4537
7296
5831
3631
1584
3613
3795
2135
10380
224
3422
7083
1160
4048
2762
1119
5730
5149
8821
3283
3141
8789
1503
95
23632
4758
1716
7167
1431
518
4539
2271
1594
4697
760
4128
6184
9377
410
1373
1565
2651
18
2131
5464
10157
6999
3292
2572
8833
4729
5742
2597
4837
5168
7359
5836
5352
2986
2517
4200
1551
64080
51268
1583
5214
4710
8659
221
55577
6818
1572
8564
1555
10682
3632
65220
9061
3425
5145
1158
10606
7084
318
54677
2950
10026
7166
159
4121
4594
8513
5034
6487
1717
6241
2683
517
26289
1621
29880
4696
8802
481
2132
4842
11181
4700
5837
111
5743
2571
570
3294
4726
2940
7915
1595
3945
8694
5634
54363
272
55811
4548
4351
9653
5144
3295
5169
26279
222
2983
2876
4711
1159
3633
2137
10858
1571
11226
384
27165
8704
9167
5321
1312
5335
239
1337
2710
6240
158
9583
51292
8566
1375
533
10632
3074
56913
8382
10455
8803
2235
1841
2618
9517
216
2632
29925
29968
1635
1040
51477
669
6888
1650
271
3290
4716
5224
1347
11238
9945
2589
762
4698
4831
8613
23761
847
2952
3098
2583
4143
1589
3067
10588
5320
26290
116285
8703
483
593
1374
3101
9348
1152
48
27115
3073
8972
3291
10195
2939
4668
1609
5207
411
6652
29926
8394
7385
10312
496
56895
270
2938
4717
249
2026
3099
1588
6783
26301
4123
587
8813
189
2194
4540
2946
2953
1346
205
47
7498
1384
11253
6822
7363
2356
23483
8654
114
6799
635
8424
9955
435
7372
314
1633
55276
5138
210
4701
14
2941
7384
4714
5289
5291
645
5498
5095
43
2820
2720
5210
248
2023
7298
3628
2729
2936
93034
953
30
9296
4833
250
4122
6898
586
509
2954
56894
22928
2982
53630
4245
4704
5198
8050
1644
115
8705
1120
6821
2974
1562
5322
5236
4125
11185
7371
2687
4519
7360
64132
8876
31
383
2944
6120
9563
7173
2821
10840
8525
5240
10331
3
217
6483
2655
7299
5290
5148
126
4715
763
56922
1610
6482
5223
8612
1376
2678
445
4199
56474
2224
2643
8879
226
6476
6817
22929
427
2645
5331
4597
3418
5740
32
4124
23236
5631
3706
2184
26227
5315
5152
10678
2819
5019
7386
2717
9953
1807
275
5406
476
125
27232
4190
4723
766
6697
2998
11285
8528
5143
2806
3707
8509
5287
2679
1329
55907
10020
2947
276
5373
4259
51703
108
2879
3636
5293
53947
5330
10558
5230
1339
2739
2548
4357
33
8398
2523
3419
4830
219
7389
5351
5153
5860
5338
5096
178
10841
2590
3029
10400
2530
644
1103
4508
686
1719
523
6480
5407
4707
443
8527
5286
8733
3158
10975
109
5142
2584
5372
128
2203
1629
1577
1786
1582
10993
10317
4258
539
10476
132
4705
5333
6391
3030
23556
768
6723
8985
53
2182
6484
506
7367
7388
4952
5471
1608
51606
3704
26229
9394
2591
482
280
5091
4248
1738
23464
127
5209
51251
1327
27306
5053
522
5137
4718
471
10555
25796
84129
978
6611
4541
4706
5160
229
204
2585
1345
51004
8639
52
10654
1581
9380
26237
4942
8396
1576
5332
4708
50614
4953
9551
34
2525
4509
6390
2592
7364
262
1806
8526
5294
528
3157
2948
1737
1798
8875
5723
4257
2997
6675
1548
5136
23545
5208
2588
4719
521
2799
107
2805
6713
4832
2582
5161
203
10423
8790
23478
10327
242
8443
1558
2593
55350
50617
2629
30814
9420
498
10846
4843
35
64579
51
3906
22978
316
1579
97
2180
4247
9550
8854
5319
4329
23533
3156
5297
5051
529
5834
50808
412
1543
5973
2752
231
2538
7378
4522
516
2875
594
1743
3032
23475
4882
1557
771
5162
6916
5147
3033
220
9060
5226
5009
51809
3712
51382
36
5130
11164
1854
8836
761
2134
9514
50
2746
527
175
9791
7390
2181
1491
6389
1593
6309
251
1962
3081
5050
279
1350
4724
5146
8540
3155
23417
27087
3176
10554
4731
440
438
2539
5313
26
2222
3948
84701
515
6470
5213
124
8992
2949
2878
4881
4056
240
3000
3034
8399
4512
3340
514
8529
9615
5140
1891
2766
1036
2595
1340
218
4709
5337
3938
6715
4720
51727
526
5277
55500
26330
5158
2027
3145
23530
4535
3028
4725
5408
1351
5238
2744
873
1178
4846
535
51179
353
278
191
1545
11283
5832
2877
3612
1559
3163
5281
3284
5141
10873
13
4598
513
246
2628
1890
8277
9487
9453
1591
3939
2650
10797
131
6718
1537
3620
2673
3417
55967
4536
5336
1723
38
98
1586
1349
230
6646
4722
5409
277
5211
5833
8288
27089
7941
10090
759
10768
4695
5288
29958
2639
1544
4191
2987
247
525
55512
28
790
5805
952
8604
8402
6576
83884
9016
1468
57678
5250
6648
7350
7351
89874
7352
291
10166
292
293
83733
56953
79751
60386
8034
51079
10587
10935
64087
2653
9481
27034
64902
788
51805
23600
2747
2110
6342
10165
10229
79814
11112
5232
92579
85365
8818
54344
79087
29929
79053
84920
8801
22934
84076
126328
14
29796
10905
57134
11320
11282
4249
1603
64772
5476
129807
55568
63917
79695
114805
79623
11227
117248
2
55808
192134
9245
51301
51146
57171
80201
113452
348477
1645
55217
145226
6511
84889
65985
29906
6550
157506
6005
56548
3931
11309
284273
6515
114134
2348
93183
54575
6785
66002
4905
142680
6529
126129
490
11254
57419
54675
6542
257202
79723
84912
245972
22856
160851
51302
2544
374291
27010
2531
222537
122481
6568
171425
80142
127124
50515
26062
9154
79896
11041
6546
140838
10050
56848
246213
2745
6533
91734
5295
6507
80271
80724
84264
65263
123041
6572
5728
6537
5283
5092
124935
55501
6559
6520
6563
28976
883
10919
221823
89869
6524
9869
11001
23657
6839
4845
53919
6555
80168
155184
9197
9056
26873
28234
50700
57665
57282
374907
7
119391
8869
55229
23539
140679
6528
57127
122622
160287
284111
29920
80146
51540
257068
54981
130752
112611
81537
5334
8706
23443
534
19
92483
8503
55315
9152
90161
27124
55301
491
91703
6506
284129
10861
26002
5264
2108
6558
53354
79901
6541
80270
58510
477
121278
51557
956
8781
10164
57733
6549
83852
25769
6647
9114
50940
166012
9227
132789
94005
11212
1836
495
5052
9153
84720
6523
10723
66035
56606
11343
6820
51380
6554
6532
6514
8622
5296
6505
6571
23743
11000
366
3635
2581
30815
10610
6519
2992
9057
7923
137872
57084
6579
6535
9435
6448
7001
90423
349565
11182
84706
197257
6575
56623
128869
7295
10948
1638
5244
60482
144195
1718
53905
10246
6580
124583
284208
1
162466
266722
2351
92745
91373
10201
9187
492
8611
8310
55224
28231
10402
2109
64078
80704
10999
80150
6518
478
9194
6509
1808
57379
9952
159963
56994
84002
6540
6574
7263
1607
10087
9807
54490
2712
6522
955
7306
6548
6557
6561
6513
51227
6531
51604
117283
151531
10786
6583
4
51447
6526
55349
11136
3992
7355
4524
341947
55586
8871
1109
3658
6565
9498
549
6512
377677
9468
8170
54576
6538
376497
6539
245973
6543
50487
57468
112724
2098
64711
84532
115286
126792
81579
79178
83697
28232
196883
93010
8647
54407
6570
2352
64131
64600
8574
51022
81031
51181
55821
9023
79646
23315
8
9954
1757
79837
26275
9123
6517
6530
6547
53343
5151
79369
10599
26266
166785
54187
493
954
55089
135152
6582
81539
9951
117247
23169
6534
8908
6573
2713
9942
200010
84679
55326
125206
130013
389015
4
58508
4507
64850
84693
115019
81490
4844
6649
11046
23396
6508
347734
112483
256435
116255
6521
6560
9415
64841
55902
2530
440
5332
5831
5152
6547
1716
3098
11282
5152
7296
10861
2944
115019
2592
7173
10317
374907
7
204
122622
6487
622
6487
9551
7001
4952
84720
80142
10423
5224
3948
6547
5211
5250
226
5152
2027
8659
53343
58508
127124
669
1716
2629
47
51703
3098
1491
5313
5152
132
93034
7173
4882
8398
7054
2592
518
8525
56606
8527
6487
5277
6480
204
51227
5151
3614
7001
276
5152
5052
6487
80142
2678
9551
53343
8706
515
226
5140
1716
43
8818
2530
5092
5315
53354
3420
1558
51703
4731
284273
498
51
84264
29922
3704
7173
178
518
51004
7054
51227
52
10195
5152
6120
528
517
5152
10768
90161
6547
51447
6487
515
3098
3157
2948
55821
2530
5052
498
5315
2629
5152
4257
2348
53354
2582
5244
5152
6547
10317
171425
622
5152
51179
10195
10400
178
55350
10476
26275
53905
5152
6487
51447
2629
6487
197257
6508
178
8706
51447
55568
4843
2710
2348
10195
54344
51292
26289
1103
210
5295
5152
2948
5151
7296
4257
205
1312
31
11343
2876
51022
3290
5250
1375
9016
18
79053
1431
10919
376497
6582
6470
2182
2530
51292
178
10400
5152
4257
5244
211
2348
5295
8528
7296
31
6487
3098
56474
5152
5281
52
1375
123041
51447
5151
2585
9154
80142
5152
160851
6487
411
3421
56894
123041
178
5152
1607
8611
516
513
55902
2348
2629
1588
10317
1375
8854
1103
3423
1384
594
31
8854
85365
6480
514
6573
5352
271
3420
55512
5277
2678
27124
2571
5152
6820
1798
112
51447
8706
6487
5250
9807
8525
4056
771
7360
440
1103
3795
5091
1716
10861
10317
2348
2181
31
271
23600
1384
4830
5151
2618
7173
221823
205
954
534
6547
27087
131669
10841
314
27165
84735
7915
55191
1373
2954
2954
158
445
80347
60490
2645
79717
80025
80025
80025
80025
80025
8884
10560
286016
55293
2639
51166
51166
97
55312
80308
80308
10327
522
522
522
509
4967
27349
27349
29968
50617
50617
51606
51606
23057
23057
8704
64802
79053
6482
29796
125965
170712
134526
124637
162417
2593
29925
29926
7264
197258
2645
4712
7991
7991
8309
113451
1809
7108
6307
1119
1120
8760
9489
5136
27430
27430
23382
5150
5150
80162
9536
9536
2542
7352
318
318
57818
83549
7378
10587
10587
5625
8974
1789
1789
1789
1789
1788
1788
1788
1788
1787
1787
1787
1787
1787
1787
6319
64064
54511
957
23530
27235
25902
286297
80068
285216
10390
51005
27159
27159
54682
1118
200576
200576
200576
5298
55361
55268
8395
8396
8867
290
10870
29124
8560
8560
55163
3631
57026
253430
51109
195814
84812
23007
51196
23236
113026
84444
80854
5335
9651
27068
27068
27068
27068
79813
387893
5279
5279
2235
9091
9091
8824
8824
259230
64781
64781
284098
81849
54965
55650
23556
54872
343
80055
80235
22305
22305
427
10678
60559
28972
9789
90701
50814
8654
8654
114112
8534
9469
23563
23563
4166
6566
373156
55454
55790
113189
54480
79586
337876
2109
2132
64816
64816
64816
26035
10991
206358
23428
23428
56301
6510
8140
84649
57030
29988
154091
118881
766
8501
6536
6536
8671
57835
57835
57835
57835
9497
10935
6817
6817
6817
6817
6799
6818
6818
480
115286
115286
160728
115584
9963
9963
9962
9962
10559
2030
55343
9058
64849
64849
6581
6584
5
6578
6569
10568
1811
5172
65010
65010
65010
115111
115111
116369
116369
6567
3177
10998
10257
10057
10057
8714
8714
6553
8714
137964
9990
50506
26503
10005
10005
10005
10965
3038
8875
55350
113235
10690
9388
10396
57194
8228
8608
8897
8897
8897
4363
522
10312