10020
2947
276
5373
4259
51703
108
2879
3636
5293
53947
5330
10558
5230
1339
2739
2548
4357
33
8398
2523
3419
4830
219
7389
5351
5153
5860
5338
5096
178
10841
2590
3029
10400
2530
644
1103
4508
686
1719
523
6480
5407
4707
443
8527
5286
8733
3158
10975
109
5142
2584
5372
128
2203
1629
1577
1786
1582
10993
10317
4258
539
10476
132
4705
5333
6391
3030
23556
768
6723
8985
53
2182
6484
506
7367
7388
4952
5471
1608
51606
3704
26229
9394
2591
482
280
5091
4248
1738
23464
127
5209
51251
1327
27306
5053
522
5137
4718
471
10555
25796
84129
978
6611
4541
4706
5160
229
204
2585
1345
51004
8639
52
10654
1581
9380
26237
4942
8396
1576
5332
4708
50614
4953
9551
34
2525
4509
6390
2592
7364
262
1806
8526
5294
528
3157
2948
1737
1798
8875
5723
4257
2997
6675
1548
5136
23545
5208
2588
4719
521
2799
107
2805
6713
4832
2582
5161
203
10423
8790
23478
10327
242
8443
1558
2593
55350
50617
2629
30814
9420
498
10846
4843
35
64579
51
3906
22978
316
1579
97
2180
4247
9550
8854
5319
4329
23533
3156
5297
5051
529
5834
50808
412
1543
5973
2752
231
2538
7378
4522
516
2875
594
1743
3032
23475
4882
1557
771
5162
6916
5147
3033
220
9060
5226
5009
51809
3712
51382
36
5130
11164
1854
8836
761
2134
9514
50
2746
527
175
9791
7390
2181
1491
6389
1593
6309
251
1962
3081
5050
279
1350
4724
5146
8540
3155
23417
27087
3176
10554
4731
440
438
2539
5313
26
2222
3948
84701
515
6470
5213
124
8992
2949
2878
4881
4056
240
3000
3034
8399
4512
3340
514
8529
9615
5140
1891
2766
1036
2595
1340
218
4709
5337
3938
6715
4720
51727
526
5277
55500
26330
5158
2027
3145
23530
4535
3028
4725
5408
1351
5238
2744
873
1178
4846
535
51179
353
278
191
1545
11283
5832
2877
3612
1559
3163
5281
3284
5141
10873
13
4598
513
246
2628
1890
8277
9487
9453
1591
3939
2650
10797
131
6718
1537
3620
2673
3417
55967
4536
5336
1723
38
98
1586
1349
230
6646
4722
5409
277
5211
5833
8288
27089
7941
10090
759
10768
4695
5288
29958
2639
1544
4191
2987
247
525
55512
28
790
5805
952
8604
8402
6576
83884
9016
1468
57678
5250
6648
7350
7351
89874
7352
291
10166
292
293
83733
56953
79751
60386
8034
51079
10587
10935
64087
2653
9481
27034
64902
788
51805
23600
2747
2110
6342
10165
10229
79814
11112
5232
92579
85365
8818
54344
79087
29929
79053
84920
8801
22934
84076
126328
14
29796
10905
57134
11320
11282
4249
1603
64772
5476
129807
55568
63917
79695
114805
79623
11227
117248
2
55808
192134
9245
51301
51146
57171
80201
113452
348477
1645
55217
145226
6511
84889
65985
29906
6550
157506
6005
56548
3931
11309
284273
6515
114134
2348
93183
54575
6785
66002
4905
142680
6529
126129
490