3162
4514
3421
5033
4907
5106
212
9446
51478
875
7086
6472
3036
3990
2731
3615
130
9957
39
9488
7841
112
7054
3037
3293
1371
4126
8867
7357
1585
5959
8693
1606
2519
23439
4694
7
3614
4712
100
223
3423
1553
1892
2984
4047
2977
5049
10007
4513
5305
4759
3242
4702
6303
6489
3420
501
622
8942
3038
4051
9162
2730
15
7381
6392
5139
4728
4538
113
6716
4967
6185
4860
29922
211
30833
5105
4129
9956
4353
56052
23498
7358
5048
1632
2990
5167
4023
4144
2937
9334
51733
3251
4669
4713
4537
7296
5831
3631
1584
3613
3795
2135
10380
224
3422
7083
1160
4048
2762
1119
5730
5149
8821
3283
3141
8789
1503
95
23632
4758
1716
7167
1431
518
4539
2271
1594
4697
760
4128
6184
9377
410
1373
1565
2651
18
2131
5464
10157
6999
3292
2572
8833
4729
5742
2597
4837
5168
7359
5836
5352
2986
2517
4200
1551
64080
51268
1583
5214
4710
8659
221
55577
6818
1572
8564
1555
10682
3632
65220
9061
3425
5145
1158
10606
7084
318
54677
2950
10026
7166
159
4121
4594
8513
5034
6487
1717
6241
2683
517
26289
1621
29880
4696
8802
481
2132
4842
11181
4700
5837
111
5743
2571
570
3294
4726
2940
7915
1595
3945
8694
5634
54363
272
55811
4548
4351
9653
5144
3295
5169
26279
222
2983
2876
4711
1159
3633
2137
10858
1571
11226
384
27165
8704
9167
5321
1312
5335
239
1337
2710
6240
158
9583
51292
8566
1375
533
10632
3074
56913
8382
10455
8803
2235
1841
2618
9517
216
2632
29925
29968
1635
1040
51477
669
6888
1650
271
3290
4716
5224
1347
11238
9945
2589
762
4698
4831
8613
23761
847
2952
3098
2583
4143
1589
3067
10588
5320
26290
116285
8703
483
593
1374
3101
9348
1152
48
27115
3073
8972
3291
10195
2939
4668
1609
5207
411
6652
29926
8394
7385
10312
496
56895
270
2938
4717
249
2026
3099
1588
6783
26301
4123
587
8813
189
2194
4540
2946
2953
1346
205
47
7498
1384
11253
6822
7363
2356
23483
8654
114
6799
635
8424
9955
435
7372
314
1633
55276
5138
210
4701
14
2941
7384
4714
5289
5291
645
5498
5095
43
2820
2720
5210
248
2023
7298
3628
2729
2936
93034
953
30
9296
4833
250
4122
6898
586
509
2954
56894
22928
2982
53630
4245
4704
5198
8050
1644
115
8705
1120
6821
2974
1562
5322
5236
4125
11185
7371
2687
4519
7360
64132
8876
31
383
2944
6120
9563
7173
2821
10840
8525
5240
10331
3
217
6483
2655
7299
5290
5148
126
4715
763
56922
1610
6482
5223
8612
1376
2678
445
4199
56474
2224
2643
8879
226
6476
6817
22929
427
2645
5331
4597
3418
5740
32
4124
23236
5631
3706
2184
26227
5315
5152
10678
2819
5019
7386
2717
9953
1807
275
5406
476
125
27232
4190
4723
766
6697
2998
11285
8528
5143
2806
3707
8509
5287
2679
1329
55907