10476
26275
53905
5152
6487
51447
2629
6487
197257
6508
178
8706
51447
55568
4843
2710
2348
10195
54344
51292
26289
1103
210
5295
5152
2948
5151
7296
4257
205
1312
31
11343
2876
51022
3290
5250
1375
9016
18
79053
1431
10919
376497
6582
6470
2182
2530
51292
178
10400
5152
4257
5244
211
2348
5295
8528
7296
31
6487
3098
56474
5152
5281
52
1375
123041
51447
5151
2585
9154
80142
5152
160851
6487
411
3421
56894
123041
178
5152
1607
8611
516
513
55902
2348
2629
1588
10317
1375
8854
1103
3423
1384
594
31
8854
85365
6480
514
6573
5352
271
3420
55512
5277
2678
27124
2571
5152
6820
1798
112
51447
8706
6487
5250
9807
8525
4056
771
7360
440
1103
3795
5091
1716
10861
10317
2348
2181
31
271
23600
1384
4830
5151
2618
7173
221823
205
954
534
6547
27087
131669
10841
314
27165
84735
7915
55191
1373
2954
2954
158
445
80347
60490
2645
79717
80025
80025
80025
80025
80025
8884
10560
286016
55293
2639
51166
51166
97
55312
80308
80308
10327
522
522
522
509
4967
27349
27349
29968
50617
50617
51606
51606
23057
23057
8704
64802
79053
6482
29796
125965
170712
134526
124637
162417
2593
29925
29926
7264
197258
2645
4712
7991
7991
8309
113451
1809
7108
6307
1119
1120
8760
9489
5136
27430
27430
23382
5150
5150
80162
9536
9536
2542
7352
318
318
57818
83549
7378
10587
10587
5625
8974
1789
1789
1789
1789
1788
1788
1788
1788
1787
1787
1787
1787
1787
1787
6319
64064
54511
957
23530
27235
25902
286297
80068
285216
10390
51005
27159
27159
54682
1118
200576
200576
200576
5298
55361
55268
8395
8396
8867
290
10870
29124
8560
8560
55163
3631
57026
253430
51109
195814
84812
23007
51196
23236
113026
84444
80854
5335
9651
27068
27068
27068
27068
79813
387893
5279
5279
2235
9091
9091
8824
8824
259230
64781
64781
284098
81849
54965
55650
23556
54872
343
80055
80235
22305
22305
427
10678
60559
28972
9789
90701
50814
8654
8654
114112
8534
9469
23563
23563
4166
6566
373156
55454
55790
113189
54480
79586
337876
2109
2132
64816
64816
64816
26035
10991
206358
23428
23428
56301
6510
8140
84649
57030
29988
154091
118881
766
8501
6536
6536
8671
57835
57835
57835
57835
9497
10935
6817
6817
6817
6817
6799
6818
6818
480
115286
115286
160728
115584
9963
9963
9962
9962
10559
2030
55343
9058
64849
64849
6581
6584
5
6578
6569
10568
1811
5172
65010
65010
65010
115111
115111
116369
116369
6567
3177
10998
10257
10057
10057
8714
8714
6553
8714
137964
9990
50506
26503
10005
10005
10005
10965
3038
8875
55350
113235
10690
9388
10396
57194
8228
8608
8897
8897
8897
4363
522
10312